0 131071
0 131071
131072 262143
262144 393215
393216 524287
524288 655359
655360 786431
786432 917503
917504 1048575
1048576 1179647
1179648 1310719
1310720 1441791
1441792 1572863
1572864 1703935
1703936 1835007
1835008 1966079
1966080 2097151
2097152 2228223
2228224 2359295
2359296 2490367
2490368 2621439
2621440 2752511
2752512 2883583
2883584 3014655
3014656 3145727
3145728 3276799
3276800 3407871
3407872 3538943
3538944 3670015
3670016 3801087
3801088 3932159
3932160 4063231
4063232 4194303
4194304 4325375
4325376 4456447
4456448 4587519
4587520 4718591
4718592 4849663
4849664 4980735
4980736 5111807
5111808 5242879
5242880 5373951
5373952 5505023
5505024 5636095
5636096 5767167
5767168 5898239
5898240 6029311
6029312 6160383
6160384 6291455
6291456 6422527
6422528 6553599
6553600 6684671
6684672 6815743
6815744 6946815
6946816 7077887
7077888 7208959
7208960 7340031
7340032 7471103
7471104 7602175
7602176 7733247
7733248 7864319
7864320 7995391
7995392 8126463
8126464 8257535
8257536 8388607
8388608 8519679
8519680 8650751
8650752 8781823
8781824 8912895
8912896 9043967
9043968 9175039
9175040 9306111
9306112 9437183
9437184 9568255
9568256 9699327
9699328 9830399
9830400 9961471
9961472 10092543
10092544 10223615
10223616 10354687
10354688 10485759
