0 131071 1
0 131071 1
131072 262143 1
131072 262143 1
262144 393215 1
262144 393215 1
393216 524287 1
393216 524287 1
524288 655359 1
524288 655359 1
655360 786431 1
655360 786431 1
786432 917503 1
786432 917503 1
917504 1048575 1
917504 1048575 1
1048576 1179647 1
1048576 1179647 1
1179648 1310719 1
1179648 1310719 1
1310720 1441791 1
1310720 1441791 1
1441792 1572863 1
1441792 1572863 1
1572864 1703935 1
1572864 1703935 1
1703936 1835007 1
1703936 1835007 1
1835008 1966079 1
1835008 1966079 1
1966080 2097151 1
1966080 2097151 1
2097152 2228223 1
2097152 2228223 1
2228224 2359295 1
2228224 2359295 1
2359296 2490367 1
2359296 2490367 1
2490368 2621439 1
2490368 2621439 1
2621440 2752511 1
2621440 2752511 1
2752512 2883583 1
2752512 2883583 1
2883584 3014655 1
2883584 3014655 1
3014656 3145727 1
3014656 3145727 1
3145728 3276799 1
3145728 3276799 1
3276800 3407871 1
3276800 3407871 1
3407872 3538943 1
3407872 3538943 1
3538944 3670015 1
3538944 3670015 1
3670016 3801087 1
3670016 3801087 1
3801088 3932159 1
3801088 3932159 1
3932160 4063231 1
3932160 4063231 1
4063232 4194303 1
4063232 4194303 1
4194304 4325375 1
4194304 4325375 1
4325376 4456447 1
4325376 4456447 1
4456448 4587519 1
4456448 4587519 1
4587520 4718591 1
4587520 4718591 1
4718592 4849663 1
4718592 4849663 1
4849664 4980735 1
4849664 4980735 1
4980736 5111807 1
4980736 5111807 1
5111808 5242879 1
5111808 5242879 1
5242880 5373951 1
5242880 5373951 1
5373952 5505023 1
5373952 5505023 1
5505024 5636095 1
5505024 5636095 1
5636096 5767167 1
5636096 5767167 1
5767168 5898239 1
5767168 5898239 1
5898240 6029311 1
5898240 6029311 1
6029312 6160383 1
6029312 6160383 1
6160384 6291455 1
6160384 6291455 1
6291456 6422527 1
6291456 6422527 1
6422528 6553599 1
6422528 6553599 1
6553600 6684671 1
6553600 6684671 1
6684672 6815743 1
6684672 6815743 1
6815744 6946815 1
6815744 6946815 1
6946816 7077887 1
6946816 7077887 1
7077888 7208959 1
7077888 7208959 1
7208960 7340031 1
7208960 7340031 1
7340032 7471103 1
7340032 7471103 1
7471104 7602175 1
7471104 7602175 1
7602176 7733247 1
7602176 7733247 1
7733248 7864319 1
7733248 7864319 1
7864320 7995391 1
7864320 7995391 1
7995392 8126463 1
7995392 8126463 1
8126464 8257535 1
8126464 8257535 1
8257536 8388607 1
8257536 8388607 1
8388608 8519679 1
8388608 8519679 1
8519680 8650751 1
8519680 8650751 1
8650752 8781823 1
8650752 8781823 1
8781824 8912895 1
8781824 8912895 1
8912896 9043967 1
8912896 9043967 1
9043968 9175039 1
9043968 9175039 1
9175040 9306111 1
9175040 9306111 1
9306112 9437183 1
9306112 9437183 1
9437184 9568255 1
9437184 9568255 1
9568256 9699327 1
9568256 9699327 1
9699328 9830399 1
9699328 9830399 1
9830400 9961471 1
9830400 9961471 1
9961472 10092543 1
9961472 10092543 1
10092544 10223615 1
10092544 10223615 1
10223616 10354687 1
10223616 10354687 1
10354688 10485759 1
10354688 10485759 1
10485760 10616831 1
10485760 10616831 1
10616832 10747903 1
10616832 10747903 1
10747904 10878975 1
10747904 10878975 1
10878976 11010047 1
10878976 11010047 1
11010048 11141119 1
11010048 11141119 1
11141120 11272191 1
11141120 11272191 1
11272192 11403263 1
11272192 11403263 1
11403264 11534335 1
11403264 11534335 1
11534336 11665407 1
11534336 11665407 1
11665408 11796479 1
11665408 11796479 1
11796480 11927551 1
11796480 11927551 1
11927552 12058623 1
11927552 12058623 1
12058624 12189695 1
12058624 12189695 1
12189696 12320767 1
12189696 12320767 1
12320768 12451839 1
12320768 12451839 1
12451840 12582911 1
12451840 12582911 1
12582912 12713983 1
12582912 12713983 1
12713984 12845055 1
12713984 12845055 1
12845056 12976127 1
12845056 12976127 1
12976128 13107199 1
12976128 13107199 1
13107200 13238271 1
13107200 13238271 1
13238272 13369343 1
13238272 13369343 1
13369344 13500415 1
13369344 13500415 1
13500416 13631487 1
13500416 13631487 1
13631488 13762559 1
13631488 13762559 1
13762560 13893631 1
13762560 13893631 1
13893632 14024703 1
13893632 14024703 1
14024704 14155775 1
14024704 14155775 1
14155776 14286847 1
14155776 14286847 1
14286848 14417919 1
14286848 14417919 1
14417920 14548991 1
14417920 14548991 1
14548992 14680063 1
14548992 14680063 1
14680064 14811135 1
14680064 14811135 1
14811136 14942207 1
14811136 14942207 1
14942208 15073279 1
14942208 15073279 1
15073280 15204351 1
15073280 15204351 1
15204352 15335423 1
15204352 15335423 1
15335424 15466495 1
15335424 15466495 1
15466496 15597567 1
15466496 15597567 1
15597568 15728639 1
15597568 15728639 1
15728640 15859711 1
15728640 15859711 1
15859712 15990783 1
15859712 15990783 1
15990784 16121855 1
15990784 16121855 1
16121856 16252927 1
16121856 16252927 1
16252928 16383999 1
16252928 16383999 1
16384000 16515071 1
16384000 16515071 1
16515072 16646143 1
16515072 16646143 1
16646144 16777215 1
16646144 16777215 1
16777216 16908287 1
16777216 16908287 1
16908288 17039359 1
16908288 17039359 1
17039360 17170431 1
17039360 17170431 1
17170432 17301503 1
17170432 17301503 1
17301504 17432575 1
17301504 17432575 1
17432576 17563647 1
17432576 17563647 1
17563648 17694719 1
17563648 17694719 1
17694720 17825791 1
17694720 17825791 1
17825792 17956863 1
17825792 17956863 1
17956864 18087935 1
17956864 18087935 1
18087936 18219007 1
18087936 18219007 1
18219008 18350079 1
18219008 18350079 1
18350080 18481151 1
18350080 18481151 1
18481152 18612223 1
18481152 18612223 1
18612224 18743295 1
18612224 18743295 1
18743296 18874367 1
18743296 18874367 1
18874368 19005439 1
18874368 19005439 1
19005440 19136511 1
19005440 19136511 1
19136512 19267583 1
19136512 19267583 1
19267584 19398655 1
19267584 19398655 1
19398656 19529727 1
19398656 19529727 1
19529728 19660799 1
19529728 19660799 1
19660800 19791871 1
19660800 19791871 1
19791872 19922943 1
19791872 19922943 1
19922944 20054015 1
19922944 20054015 1
20054016 20185087 1
20054016 20185087 1
20185088 20316159 1
20185088 20316159 1
20316160 20447231 1
20316160 20447231 1
20447232 20578303 1
20447232 20578303 1
20578304 20709375 1
20578304 20709375 1
20709376 20840447 1
20709376 20840447 1
20840448 20971519 1
20840448 20971519 1
20971520 21102591 1
20971520 21102591 1
21102592 21233663 1
21102592 21233663 1
21233664 21364735 1
21233664 21364735 1
21364736 21495807 1
21364736 21495807 1
21495808 21626879 1
21495808 21626879 1
21626880 21757951 1
21626880 21757951 1
21757952 21889023 1
21757952 21889023 1
21889024 22020095 1
21889024 22020095 1
22020096 22151167 1
22020096 22151167 1
22151168 22282239 1
22151168 22282239 1
22282240 22413311 1
22282240 22413311 1
22413312 22544383 1
22413312 22544383 1
22544384 22675455 1
22544384 22675455 1
22675456 22806527 1
22675456 22806527 1
22806528 22937599 1
22806528 22937599 1
22937600 23068671 1
22937600 23068671 1
23068672 23199743 1
23068672 23199743 1
23199744 23330815 1
23199744 23330815 1
23330816 23461887 1
23330816 23461887 1
23461888 23592959 1
23461888 23592959 1
23592960 23724031 1
23592960 23724031 1
23724032 23855103 1
23724032 23855103 1
23855104 23986175 1
23855104 23986175 1
23986176 24117247 1
23986176 24117247 1
24117248 24248319 1
24117248 24248319 1
24248320 24379391 1
24248320 24379391 1
24379392 24510463 1
24379392 24510463 1
24510464 24641535 1
24510464 24641535 1
24641536 24772607 1
24641536 24772607 1
24772608 24903679 1
24772608 24903679 1
24903680 25034751 1
24903680 25034751 1
25034752 25165823 1
25034752 25165823 1
25165824 25296895 1
25165824 25296895 1
25296896 25427967 1
25296896 25427967 1
25427968 25559039 1
25427968 25559039 1
25559040 25690111 1
25559040 25690111 1
25690112 25821183 1
25690112 25821183 1
25821184 25952255 1
25821184 25952255 1
25952256 26083327 1
25952256 26083327 1
26083328 26214399 1
26083328 26214399 1
26214400 26345471 1
26214400 26345471 1
26345472 26476543 1
26345472 26476543 1
26476544 26607615 1
26476544 26607615 1
26607616 26738687 1
26607616 26738687 1
26738688 26869759 1
26738688 26869759 1
26869760 27000831 1
26869760 27000831 1
27000832 27131903 1
27000832 27131903 1
27131904 27262975 1
27131904 27262975 1
27262976 27394047 1
27262976 27394047 1
27394048 27525119 1
27394048 27525119 1
27525120 27656191 1
27525120 27656191 1
27656192 27787263 1
27656192 27787263 1
27787264 27918335 1
27787264 27918335 1
27918336 28049407 1
27918336 28049407 1
28049408 28180479 1
28049408 28180479 1
28180480 28311551 1
28180480 28311551 1
28311552 28442623 1
28311552 28442623 1
28442624 28573695 1
28442624 28573695 1
28573696 28704767 1
28573696 28704767 1
28704768 28835839 1
28704768 28835839 1
28835840 28966911 1
28835840 28966911 1
28966912 29097983 1
28966912 29097983 1
29097984 29229055 1
29097984 29229055 1
29229056 29360127 1
29229056 29360127 1
29360128 29491199 1
29360128 29491199 1
29491200 29622271 1
29491200 29622271 1
29622272 29753343 1
29622272 29753343 1
29753344 29884415 1
29753344 29884415 1
29884416 30015487 1
29884416 30015487 1
30015488 30146559 1
30015488 30146559 1
30146560 30277631 1
30146560 30277631 1
30277632 30408703 1
30277632 30408703 1
30408704 30539775 1
30408704 30539775 1
30539776 30670847 1
30539776 30670847 1
30670848 30801919 1
30670848 30801919 1
30801920 30932991 1
30801920 30932991 1
30932992 31064063 1
30932992 31064063 1
31064064 31195135 1
31064064 31195135 1
31195136 31326207 1
31195136 31326207 1
31326208 31457279 1
31326208 31457279 1
31457280 31588351 1
31457280 31588351 1
31588352 31719423 1
31588352 31719423 1
31719424 31850495 1
31719424 31850495 1
31850496 31981567 1
31850496 31981567 1
31981568 32112639 1
31981568 32112639 1
32112640 32243711 1
32112640 32243711 1
32243712 32374783 1
32243712 32374783 1
32374784 32505855 1
32374784 32505855 1
32505856 32636927 1
32505856 32636927 1
32636928 32767999 1
32636928 32767999 1
32768000 32899071 1
32768000 32899071 1
32899072 33030143 1
32899072 33030143 1
33030144 33161215 1
33030144 33161215 1
33161216 33292287 1
33161216 33292287 1
33292288 33423359 1
33292288 33423359 1
33423360 33554431 1
33423360 33554431 1
33554432 33685503 1
33554432 33685503 1
33685504 33816575 1
33685504 33816575 1
33816576 33947647 1
33816576 33947647 1
33947648 34078719 1
33947648 34078719 1
34078720 34209791 1
34078720 34209791 1
34209792 34340863 1
34209792 34340863 1
34340864 34471935 1
34340864 34471935 1
34471936 34603007 1
34471936 34603007 1
34603008 34734079 1
34603008 34734079 1
34734080 34865151 1
34734080 34865151 1
34865152 34996223 1
34865152 34996223 1
34996224 35127295 1
34996224 35127295 1
35127296 35258367 1
35127296 35258367 1
35258368 35389439 1
35258368 35389439 1
35389440 35520511 1
35389440 35520511 1
35520512 35651583 1
35520512 35651583 1
35651584 35782655 1
35651584 35782655 1
35782656 35913727 1
35782656 35913727 1
35913728 36044799 1
35913728 36044799 1
36044800 36175871 1
36044800 36175871 1
36175872 36306943 1
36175872 36306943 1
36306944 36438015 1
36306944 36438015 1
36438016 36569087 1
36438016 36569087 1
36569088 36700159 1
36569088 36700159 1
36700160 36831231 1
36700160 36831231 1
36831232 36962303 1
36831232 36962303 1
36962304 37093375 1
36962304 37093375 1
37093376 37224447 1
37093376 37224447 1
37224448 37355519 1
37224448 37355519 1
37355520 37486591 1
37355520 37486591 1
37486592 37617663 1
37486592 37617663 1
37617664 37748735 1
37617664 37748735 1
37748736 37879807 1
37748736 37879807 1
37879808 38010879 1
37879808 38010879 1
38010880 38141951 1
38010880 38141951 1
38141952 38273023 1
38141952 38273023 1
38273024 38404095 1
38273024 38404095 1
38404096 38535167 1
38404096 38535167 1
38535168 38666239 1
38535168 38666239 1
38666240 38797311 1
38666240 38797311 1
38797312 38928383 1
38797312 38928383 1
38928384 39059455 1
38928384 39059455 1
39059456 39190527 1
39059456 39190527 1
39190528 39321599 1
39190528 39321599 1
39321600 39452671 1
39321600 39452671 1
39452672 39583743 1
39452672 39583743 1
39583744 39714815 1
39583744 39714815 1
39714816 39845887 1
39714816 39845887 1
39845888 39976959 1
39845888 39976959 1
39976960 40108031 1
39976960 40108031 1
40108032 40239103 1
40108032 40239103 1
40239104 40370175 1
40239104 40370175 1
40370176 40501247 1
40370176 40501247 1
40501248 40632319 1
40501248 40632319 1
40632320 40763391 1
40632320 40763391 1
40763392 40894463 1
40763392 40894463 1
40894464 41025535 1
40894464 41025535 1
41025536 41156607 1
41025536 41156607 1
41156608 41287679 1
41156608 41287679 1
41287680 41418751 1
41287680 41418751 1
41418752 41549823 1
41418752 41549823 1
41549824 41680895 1
41549824 41680895 1
41680896 41811967 1
41680896 41811967 1
41811968 41943039 1
41811968 41943039 1
41943040 42074111 1
41943040 42074111 1
42074112 42205183 1
42074112 42205183 1
42205184 42336255 1
42205184 42336255 1
42336256 42467327 1
42336256 42467327 1
42467328 42598399 1
42467328 42598399 1
42598400 42729471 1
42598400 42729471 1
42729472 42860543 1
42729472 42860543 1
42860544 42991615 1
42860544 42991615 1
42991616 43122687 1
42991616 43122687 1
43122688 43253759 1
43122688 43253759 1
43253760 43384831 1
43253760 43384831 1
43384832 43515903 1
43384832 43515903 1
43515904 43646975 1
43515904 43646975 1
43646976 43778047 1
43646976 43778047 1
43778048 43909119 1
43778048 43909119 1
43909120 44040191 1
43909120 44040191 1
44040192 44171263 1
44040192 44171263 1
44171264 44302335 1
44171264 44302335 1
44302336 44433407 1
44302336 44433407 1
44433408 44564479 1
44433408 44564479 1
44564480 44695551 1
44564480 44695551 1
44695552 44826623 1
44695552 44826623 1
44826624 44957695 1
44826624 44957695 1
44957696 45088767 1
44957696 45088767 1
45088768 45219839 1
45088768 45219839 1
45219840 45350911 1
45219840 45350911 1
45350912 45481983 1
45350912 45481983 1
45481984 45613055 1
45481984 45613055 1
45613056 45744127 1
45613056 45744127 1
45744128 45875199 1
45744128 45875199 1
45875200 46006271 1
45875200 46006271 1
46006272 46137343 1
46006272 46137343 1
46137344 46268415 1
46137344 46268415 1
46268416 46399487 1
46268416 46399487 1
46399488 46530559 1
46399488 46530559 1
46530560 46661631 1
46530560 46661631 1
46661632 46792703 1
46661632 46792703 1
46792704 46923775 1
46792704 46923775 1
46923776 47054847 1
46923776 47054847 1
47054848 47185919 1
47054848 47185919 1
47185920 47316991 1
47185920 47316991 1
47316992 47448063 1
47316992 47448063 1
47448064 47579135 1
47448064 47579135 1
47579136 47710207 1
47579136 47710207 1
47710208 47841279 1
47710208 47841279 1
47841280 47972351 1
47841280 47972351 1
47972352 48103423 1
47972352 48103423 1
48103424 48234495 1
48103424 48234495 1
48234496 48365567 1
48234496 48365567 1
48365568 48496639 1
48365568 48496639 1
48496640 48627711 1
48496640 48627711 1
48627712 48758783 1
48627712 48758783 1
48758784 48889855 1
48758784 48889855 1
48889856 49020927 1
48889856 49020927 1
49020928 49151999 1
49020928 49151999 1
49152000 49283071 1
49152000 49283071 1
49283072 49414143 1
49283072 49414143 1
49414144 49545215 1
49414144 49545215 1
49545216 49676287 1
49545216 49676287 1
49676288 49807359 1
49676288 49807359 1
49807360 49938431 1
49807360 49938431 1
49938432 50069503 1
49938432 50069503 1
50069504 50200575 1
50069504 50200575 1
50200576 50331647 1
50200576 50331647 1
50331648 50462719 1
50331648 50462719 1
50462720 50593791 1
50462720 50593791 1
50593792 50724863 1
50593792 50724863 1
50724864 50855935 1
50724864 50855935 1
50855936 50987007 1
50855936 50987007 1
50987008 51118079 1
50987008 51118079 1
51118080 51249151 1
51118080 51249151 1
51249152 51380223 1
51249152 51380223 1
51380224 51511295 1
51380224 51511295 1
51511296 51642367 1
51511296 51642367 1
51642368 51773439 1
51642368 51773439 1
51773440 51904511 1
51773440 51904511 1
51904512 52035583 1
51904512 52035583 1
52035584 52166655 1
52035584 52166655 1
52166656 52297727 1
52166656 52297727 1
52297728 52428799 1
52297728 52428799 1
52428800 52559871 1
52428800 52559871 1
52559872 52690943 1
52559872 52690943 1
52690944 52822015 1
52690944 52822015 1
52822016 52953087 1
52822016 52953087 1
52953088 53084159 1
52953088 53084159 1
53084160 53215231 1
53084160 53215231 1
53215232 53346303 1
53215232 53346303 1
53346304 53477375 1
53346304 53477375 1
53477376 53608447 1
53477376 53608447 1
53608448 53739519 1
53608448 53739519 1
53739520 53870591 1
53739520 53870591 1
53870592 54001663 1
53870592 54001663 1
54001664 54132735 1
54001664 54132735 1
54132736 54263807 1
54132736 54263807 1
54263808 54394879 1
54263808 54394879 1
54394880 54525951 1
54394880 54525951 1
54525952 54657023 1
54525952 54657023 1
54657024 54788095 1
54657024 54788095 1
54788096 54919167 1
54788096 54919167 1
54919168 55050239 1
54919168 55050239 1
55050240 55181311 1
55050240 55181311 1
55181312 55312383 1
55181312 55312383 1
55312384 55443455 1
55312384 55443455 1
55443456 55574527 1
55443456 55574527 1
55574528 55705599 1
55574528 55705599 1
55705600 55836671 1
55705600 55836671 1
55836672 55967743 1
55836672 55967743 1
55967744 56098815 1
55967744 56098815 1
56098816 56229887 1
56098816 56229887 1
56229888 56360959 1
56229888 56360959 1
56360960 56492031 1
56360960 56492031 1
56492032 56623103 1
56492032 56623103 1
56623104 56754175 1
56623104 56754175 1
56754176 56885247 1
56754176 56885247 1
56885248 57016319 1
56885248 57016319 1
57016320 57147391 1
57016320 57147391 1
57147392 57278463 1
57147392 57278463 1
57278464 57409535 1
57278464 57409535 1
57409536 57540607 1
57409536 57540607 1
57540608 57671679 1
57540608 57671679 1
57671680 57802751 1
57671680 57802751 1
57802752 57933823 1
57802752 57933823 1
57933824 58064895 1
57933824 58064895 1
58064896 58195967 1
58064896 58195967 1
58195968 58327039 1
58195968 58327039 1
58327040 58458111 1
58327040 58458111 1
58458112 58589183 1
58458112 58589183 1
58589184 58720255 1
58589184 58720255 1
58720256 58851327 1
58720256 58851327 1
58851328 58982399 1
58851328 58982399 1
58982400 59113471 1
58982400 59113471 1
59113472 59244543 1
59113472 59244543 1
59244544 59375615 1
59244544 59375615 1
59375616 59506687 1
59375616 59506687 1
59506688 59637759 1
59506688 59637759 1
59637760 59768831 1
59637760 59768831 1
59768832 59899903 1
59768832 59899903 1
59899904 60030975 1
59899904 60030975 1
60030976 60162047 1
60030976 60162047 1
60162048 60293119 1
60162048 60293119 1
60293120 60424191 1
60293120 60424191 1
60424192 60555263 1
60424192 60555263 1
60555264 60686335 1
60555264 60686335 1
60686336 60817407 1
60686336 60817407 1
60817408 60948479 1
60817408 60948479 1
60948480 61079551 1
60948480 61079551 1
61079552 61210623 1
61079552 61210623 1
61210624 61341695 1
61210624 61341695 1
61341696 61472767 1
61341696 61472767 1
61472768 61603839 1
61472768 61603839 1
61603840 61734911 1
61603840 61734911 1
61734912 61865983 1
61734912 61865983 1
61865984 61997055 1
61865984 61997055 1
61997056 62128127 1
61997056 62128127 1
62128128 62259199 1
62128128 62259199 1
62259200 62390271 1
62259200 62390271 1
62390272 62521343 1
62390272 62521343 1
62521344 62652415 1
62521344 62652415 1
62652416 62783487 1
62652416 62783487 1
62783488 62914559 1
62783488 62914559 1
62914560 63045631 1
62914560 63045631 1
63045632 63176703 1
63045632 63176703 1
63176704 63307775 1
63176704 63307775 1
63307776 63438847 1
63307776 63438847 1
63438848 63569919 1
63438848 63569919 1
63569920 63700991 1
63569920 63700991 1
63700992 63832063 1
63700992 63832063 1
63832064 63963135 1
63832064 63963135 1
63963136 64094207 1
63963136 64094207 1
64094208 64225279 1
64094208 64225279 1
64225280 64356351 1
64225280 64356351 1
64356352 64487423 1
64356352 64487423 1
64487424 64618495 1
64487424 64618495 1
64618496 64749567 1
64618496 64749567 1
64749568 64880639 1
64749568 64880639 1
64880640 65011711 1
64880640 65011711 1
65011712 65142783 1
65011712 65142783 1
65142784 65273855 1
65142784 65273855 1
65273856 65404927 1
65273856 65404927 1
65404928 65535999 1
65404928 65535999 1
65536000 65667071 1
65536000 65667071 1
65667072 65798143 1
65667072 65798143 1
65798144 65929215 1
65798144 65929215 1
65929216 66060287 1
65929216 66060287 1
66060288 66191359 1
66060288 66191359 1
66191360 66322431 1
66191360 66322431 1
66322432 66453503 1
66322432 66453503 1
66453504 66584575 1
66453504 66584575 1
66584576 66715647 1
66584576 66715647 1
66715648 66846719 1
66715648 66846719 1
66846720 66977791 1
66846720 66977791 1
66977792 67108863 1
66977792 67108863 1
67108864 67239935 1
67108864 67239935 1
67239936 67371007 1
67239936 67371007 1
67371008 67502079 1
67371008 67502079 1
67502080 67633151 1
67502080 67633151 1
67633152 67764223 1
67633152 67764223 1
67764224 67895295 1
67764224 67895295 1
67895296 68026367 1
67895296 68026367 1
68026368 68157439 1
68026368 68157439 1
68157440 68288511 1
68157440 68288511 1
68288512 68419583 1
68288512 68419583 1
68419584 68550655 1
68419584 68550655 1
68550656 68681727 1
68550656 68681727 1
68681728 68812799 1
68681728 68812799 1
68812800 68943871 1
68812800 68943871 1
68943872 69074943 1
68943872 69074943 1
69074944 69206015 1
69074944 69206015 1
69206016 69337087 1
69206016 69337087 1
69337088 69468159 1
69337088 69468159 1
69468160 69599231 1
69468160 69599231 1
69599232 69730303 1
69599232 69730303 1
69730304 69861375 1
69730304 69861375 1
69861376 69992447 1
69861376 69992447 1
69992448 70123519 1
69992448 70123519 1
70123520 70254591 1
70123520 70254591 1
70254592 70385663 1
70254592 70385663 1
70385664 70516735 1
70385664 70516735 1
70516736 70647807 1
70516736 70647807 1
70647808 70778879 1
70647808 70778879 1
70778880 70909951 1
70778880 70909951 1
70909952 71041023 1
70909952 71041023 1
71041024 71172095 1
71041024 71172095 1
71172096 71303167 1
71172096 71303167 1
71303168 71434239 1
71303168 71434239 1
71434240 71565311 1
71434240 71565311 1
71565312 71696383 1
71565312 71696383 1
71696384 71827455 1
71696384 71827455 1
71827456 71958527 1
71827456 71958527 1
71958528 72089599 1
71958528 72089599 1
72089600 72220671 1
72089600 72220671 1
72220672 72351743 1
72220672 72351743 1
72351744 72482815 1
72351744 72482815 1
72482816 72613887 1
72482816 72613887 1
72613888 72744959 1
72613888 72744959 1
72744960 72876031 1
72744960 72876031 1
72876032 73007103 1
72876032 73007103 1
73007104 73138175 1
73007104 73138175 1
73138176 73269247 1
73138176 73269247 1
73269248 73400319 1
73269248 73400319 1
73400320 73531391 1
73400320 73531391 1
73531392 73662463 1
73531392 73662463 1
73662464 73793535 1
73662464 73793535 1
73793536 73924607 1
73793536 73924607 1
73924608 74055679 1
73924608 74055679 1
74055680 74186751 1
74055680 74186751 1
74186752 74317823 1
74186752 74317823 1
74317824 74448895 1
74317824 74448895 1
74448896 74579967 1
74448896 74579967 1
74579968 74711039 1
74579968 74711039 1
74711040 74842111 1
74711040 74842111 1
74842112 74973183 1
74842112 74973183 1
74973184 75104255 1
74973184 75104255 1
75104256 75235327 1
75104256 75235327 1
75235328 75366399 1
75235328 75366399 1
75366400 75497471 1
75366400 75497471 1
75497472 75628543 1
75497472 75628543 1
75628544 75759615 1
75628544 75759615 1
75759616 75890687 1
75759616 75890687 1
75890688 76021759 1
75890688 76021759 1
76021760 76152831 1
76021760 76152831 1
76152832 76283903 1
76152832 76283903 1
76283904 76414975 1
76283904 76414975 1
76414976 76546047 1
76414976 76546047 1
76546048 76677119 1
76546048 76677119 1
76677120 76808191 1
76677120 76808191 1
76808192 76939263 1
76808192 76939263 1
76939264 77070335 1
76939264 77070335 1
77070336 77201407 1
77070336 77201407 1
77201408 77332479 1
77201408 77332479 1
77332480 77463551 1
77332480 77463551 1
77463552 77594623 1
77463552 77594623 1
77594624 77725695 1
77594624 77725695 1
77725696 77856767 1
77725696 77856767 1
77856768 77987839 1
77856768 77987839 1
77987840 78118911 1
77987840 78118911 1
78118912 78249983 1
78118912 78249983 1
78249984 78381055 1
78249984 78381055 1
78381056 78512127 1
78381056 78512127 1
78512128 78643199 1
78512128 78643199 1
78643200 78774271 1
78643200 78774271 1
78774272 78905343 1
78774272 78905343 1
78905344 79036415 1
78905344 79036415 1
79036416 79167487 1
79036416 79167487 1
79167488 79298559 1
79167488 79298559 1
79298560 79429631 1
79298560 79429631 1
79429632 79560703 1
79429632 79560703 1
79560704 79691775 1
79560704 79691775 1
79691776 79822847 1
79691776 79822847 1
79822848 79953919 1
79822848 79953919 1
79953920 80084991 1
79953920 80084991 1
80084992 80216063 1
80084992 80216063 1
80216064 80347135 1
80216064 80347135 1
80347136 80478207 1
80347136 80478207 1
80478208 80609279 1
80478208 80609279 1
80609280 80740351 1
80609280 80740351 1
80740352 80871423 1
80740352 80871423 1
80871424 81002495 1
80871424 81002495 1
81002496 81133567 1
81002496 81133567 1
81133568 81264639 1
81133568 81264639 1
81264640 81395711 1
81264640 81395711 1
81338368 81469439 1
81338368 81469439 1
